rd =

         0    1.5000    0.8333
    1.5000         0    1.3333
    0.8333    1.3333         0


rd2 =

         0    1.5000    0.8333
    1.5000         0    1.3333
    0.8333    1.3333         0
