index =

    0.0057


index =

    0.9910
