ans =

    0.0716
