ans =

   6.1454e-15
