ans =

   1.1674e-14
