A =

    1.1250


B =

    1.1250
