A =

    1.0000


B =

    1.0000
